%YAML:1.0
---
K: !!opencv-matrix
   rows: 3
   cols: 3
   dt: d
   data: [ 9.6123253729349460e+02, 0., 6.3257084373620648e+02, 0.,
       9.6230900089455747e+02, 3.6268094046213520e+02, 0., 0., 1. ]
D: !!opencv-matrix
   rows: 1
   cols: 5
   dt: d
   data: [ 2.0027767746396774e-01, -9.3385408961533622e-01,
       -6.3074151859872883e-03, 9.0192659185227555e-05,
       1.5998627858524019e+00 ]
